# Created by Octave 4.0.3, Thu Jul 07 19:24:52 2016 GMT <unknown@Calf>
# name: a
# type: matrix
# rows: 2
# columns: 3
 1 2 3
 4 5 6


